1 3 15 15 15 17 20 22 31 32 36 39 40 42 48 53 54 59 62 63 75 76 77 78 83 84 90 100 111 112 118 121 125 125 136 141 162 164 167 200 203 206 215 216 217 221 231 234 252 253 268 319 344 416 438 516 560 637 680 704 856 876 1024 1047 1143 1277 1326 1461

1   
3   
15   
15   
15   
17   
20   
22   
31   
32   
36   
39   
40   
42   
48   
53   
54   
59   
62   
63   
75   
76   
77   
78   
83   
84   
90   
100   
111   
112   
118   
121   
125   
125   
136   
141   
162   
164   
167   
200   
203   
206   
215   
216   
217   
221   
231   
234   
252   
253   
268   
319   
344   
416   
438   
516   
560   
637   
680   
704   
856   
876   
1024   
1047   
1143   
1277   
1326   
1461   